Enter the number of rows: Enter the number of columns: Enter 10 values for row 0 (space separated): Enter 10 values for row 1 (space separated): Enter 10 values for row 2 (space separated): Enter 10 values for row 3 (space separated): 
Matrix:
171 236 124 -217 30 -105 -48 3 22 -186 
86 -35 -237 149 -81 -112 -242 -251 29 150 
124 -80 197 -93 -102 -59 -106 -234 -252 101 
-203 -214 -236 179 161 88 19 -176 192 227 

Transpose:
171 86 124 -203 
236 -35 -80 -214 
124 -237 197 -236 
-217 149 -93 179 
30 -81 -102 161 
-105 -112 -59 88 
-48 -242 -106 19 
3 -251 -234 -176 
22 29 -252 192 
-186 150 101 227 
